#	PLAYER	TEAM	GP	MIN	PTS	FGM	FGA	FG%	3PM	3PA	3P%	FTM	FTA	FT%	OREB	DREB	REB	AST	STL	BLK	TOV	EFF
1	Luka Doncic	DAL	53	36.4	33.2	11.2	22.2	50.6	2.7	7.8	34.9	8.0	11.0	73.1	0.9	7.9	8.8	8.1	1.5	0.5	3.6	34.5
2	Joel Embiid	PHI	48	35.1	33.0	10.9	20.6	53.2	1.0	3.1	33.8	10.1	11.7	86.0	1.8	8.6	10.4	4.1	1.1	1.6	3.5	35.4
3	Damian Lillard	POR	49	36.3	32.3	9.8	20.7	47.2	4.2	11.2	37.7	8.5	9.3	92.1	0.7	3.7	4.4	7.1	0.9	0.3	3.2	30.1
4	Giannis Antetokounmpo	MIL	50	32.3	31.3	11.2	20.7	54.1	0.8	2.9	28.6	8.1	12.5	64.5	2.2	9.7	12.0	5.4	0.7	0.8	3.9	32.3
5	Shai Gilgeous-Alexander	OKC	54	35.5	31.0	10.2	20.2	50.7	0.9	2.6	33.8	9.6	10.6	90.8	0.9	3.9	4.7	5.7	1.6	1.1	2.9	30.3
6	Jayson Tatum	BOS	59	37.3	30.3	9.9	21.3	46.2	3.3	9.3	35.5	7.3	8.5	86.2	1.1	7.6	8.7	4.7	1.0	0.8	3.0	30.0
7	LeBron James	LAL	47	36.1	29.5	11.3	22.6	50.1	2.1	6.9	30.8	4.8	6.3	75.9	1.2	7.2	8.4	6.9	0.9	0.6	3.1	30.5
8	Donovan Mitchell	CLE	54	35.5	27.5	9.6	20.0	48.1	3.7	9.5	38.7	4.6	5.2	87.6	0.9	3.1	4.0	4.8	1.5	0.4	2.7	24.5
9	Ja Morant	MEM	52	32.5	27.1	9.6	20.7	46.5	1.6	5.1	31.2	6.3	8.5	74.2	1.1	4.9	6.0	8.2	1.1	0.3	3.4	26.0
10	Trae Young	ATL	55	35.3	27.1	8.5	19.9	42.9	2.2	6.6	32.7	7.9	8.8	88.9	0.7	2.2	2.9	10.1	1.0	0.2	4.1	24.9
11	Kyrie Irving	DAL	47	36.9	26.7	9.8	20.1	48.7	3.2	8.5	37.4	3.9	4.4	89.4	1.0	4.1	5.1	5.5	1.0	0.8	2.2	26.1
12	Jaylen Brown	BOS	51	35.8	26.3	9.8	20.2	48.5	2.5	7.5	33.7	4.2	5.4	77.9	1.2	5.7	6.9	3.2	1.1	0.4	3.0	23.4
13	De'Aaron Fox	SAC	55	34.1	25.4	9.4	18.3	51.5	1.6	4.8	33.1	4.9	6.3	78.6	0.5	3.8	4.3	6.3	1.1	0.3	2.7	24.5
14	Lauri Markkanen	UTA	57	34.4	25.3	8.5	16.7	51.2	3.1	7.5	40.9	5.1	5.8	88.0	1.9	6.7	8.6	1.8	0.6	0.6	1.9	26.1
15	Pascal Siakam	TOR	53	37.5	25.2	9.0	18.9	47.7	1.4	4.2	34.5	5.7	7.4	76.9	1.8	5.9	7.7	6.0	0.8	0.5	2.5	26.2
16	Julius Randle	NYK	64	35.8	25.0	8.5	18.3	46.3	2.8	8.1	34.7	5.2	6.9	75.6	2.1	8.4	10.5	4.2	0.7	0.3	2.8	26.3
17	DeMar DeRozan	CHI	57	36.1	25.0	9.0	17.8	50.8	0.5	1.5	30.7	6.4	7.4	87.6	0.5	4.1	4.6	5.1	1.0	0.5	2.2	24.2
18	Anthony Edwards	MIN	64	36.4	24.6	8.9	19.5	45.8	2.6	7.3	36.3	4.2	5.4	77.7	0.6	5.3	5.9	4.5	1.7	0.7	3.4	22.3
19	Nikola Jokic	DEN	55	33.6	24.6	9.4	14.8	63.3	0.8	2.1	39.8	5.0	6.1	82.2	2.3	9.4	11.7	10.0	1.3	0.7	3.6	38.2
20	Zach LaVine	CHI	59	35.9	24.3	8.5	17.8	47.7	2.8	7.3	37.8	4.6	5.5	84.5	0.5	4.2	4.7	3.9	0.9	0.2	2.6	21.5
21	Jalen Brunson	NYK	60	35.2	23.8	8.5	17.5	48.5	1.9	4.6	41.0	4.9	5.9	83.6	0.6	3.0	3.6	6.2	0.9	0.3	2.0	22.7
22	Paul George	LAC	47	34.4	23.5	8.1	17.6	46.2	2.9	7.7	38.3	4.4	5.0	86.9	0.7	5.4	6.1	5.2	1.5	0.4	3.3	23.2
23	Kristaps Porzingis	WAS	51	32.6	22.8	7.4	15.2	48.7	2.1	5.5	37.6	5.9	7.0	84.6	1.9	6.7	8.6	2.5	0.9	1.5	2.2	25.2
24	Klay Thompson	GSW	50	32.8	22.1	7.9	18.5	42.7	4.4	10.7	40.9	1.9	2.1	89.6	0.7	3.3	4.0	2.5	0.7	0.3	1.8	16.9
25	Darius Garland	CLE	55	35.2	22.0	7.6	16.2	47.0	2.6	6.1	42.4	4.2	4.9	85.8	0.4	2.2	2.7	7.9	1.3	0.1	2.9	21.8
26	Keldon Johnson	SAS	55	32.7	21.8	7.9	17.5	45.0	2.1	6.5	32.0	4.1	5.3	76.9	0.8	4.0	4.8	2.8	0.7	0.2	2.1	17.4
27	Jimmy Butler	MIA	48	33.3	21.8	7.2	13.9	52.0	0.5	1.6	32.1	6.8	8.1	84.5	2.2	3.7	5.9	5.0	2.0	0.3	1.7	25.4
28	Jalen Green	HOU	56	33.6	21.7	7.3	17.7	41.0	2.6	7.6	33.8	4.6	5.8	78.7	0.5	3.4	3.9	3.6	0.8	0.3	2.8	15.8
29	James Harden	PHI	45	36.7	21.6	6.5	14.6	44.9	2.9	7.3	39.4	5.7	6.5	86.7	0.6	5.6	6.2	10.6	1.2	0.6	3.4	27.9
30	Bojan Bogdanovic	DET	59	32.1	21.6	7.3	14.9	48.8	2.5	6.0	41.1	4.5	5.1	88.4	0.6	3.2	3.8	2.6	0.6	0.1	2.3	18.1
31	Terry Rozier	CHA	53	35.7	21.4	7.9	19.0	41.4	2.7	8.2	32.9	2.9	3.6	81.3	0.9	3.3	4.2	4.8	1.1	0.2	2.1	17.7
32	Kyle Kuzma	WAS	56	35.1	21.3	8.1	18.1	44.5	2.5	7.7	33.0	2.6	3.7	72.2	0.9	6.5	7.4	3.8	0.5	0.5	2.9	19.5
33	Bam Adebayo	MIA	58	34.9	21.2	8.4	15.6	53.8	0.0	0.2	8.3	4.4	5.5	80.3	2.6	7.2	9.8	3.2	1.2	0.8	2.5	25.3
34	Anfernee Simons	POR	57	35.3	21.1	7.5	16.8	44.8	3.4	9.1	37.8	2.6	2.8	91.3	0.3	2.4	2.7	4.1	0.7	0.2	2.1	17.1
35	CJ McCollum	NOP	56	35.0	21.0	7.9	18.1	43.5	2.8	7.3	37.7	2.5	3.1	79.3	0.8	3.5	4.3	5.9	0.9	0.6	2.6	19.2
36	Jordan Clarkson	UTA	60	32.6	20.9	7.5	16.9	44.5	2.6	7.6	34.1	3.2	4.0	81.9	1.2	2.9	4.0	4.3	0.5	0.2	3.1	16.8
37	Dejounte Murray	ATL	57	36.4	20.8	8.4	18.1	46.6	2.1	5.6	36.3	2.0	2.4	83.7	0.7	4.7	5.5	6.1	1.5	0.3	2.2	21.9
38	Jerami Grant	POR	57	35.7	20.8	7.0	14.6	48.1	2.3	5.6	40.4	4.5	5.5	81.3	0.8	3.5	4.4	2.3	0.8	0.8	1.8	18.6
39	Jordan Poole	GSW	62	30.7	20.8	7.0	16.3	43.2	2.6	8.0	32.9	4.1	4.8	86.1	0.4	2.4	2.8	4.6	0.8	0.2	3.3	16.1
40	Tyler Herro	MIA	49	35.2	20.3	7.3	17.1	42.9	3.0	8.1	36.8	2.6	2.8	92.1	0.5	5.1	5.6	4.3	0.8	0.3	2.4	19.0
41	Jamal Murray	DEN	49	32.6	20.1	7.3	16.1	45.6	2.5	6.4	38.8	3.0	3.6	83.0	0.8	3.3	4.1	6.0	1.0	0.2	2.1	19.8
42	Tyrese Haliburton	IND	51	33.6	20.1	7.2	14.9	48.2	2.8	7.1	39.8	2.9	3.4	86.0	0.6	3.1	3.7	10.1	1.7	0.5	2.5	25.4
43	Jrue Holiday	MIL	51	32.8	19.8	7.5	15.9	47.2	2.4	6.4	37.7	2.3	2.7	86.1	1.2	4.0	5.1	7.2	1.2	0.4	2.9	21.9
44	Paolo Banchero	ORL	56	33.7	19.7	6.5	15.4	41.9	1.1	4.0	27.1	5.6	7.5	75.2	1.1	5.5	6.6	3.6	0.9	0.5	2.7	17.8
45	RJ Barrett	NYK	57	34.0	19.5	6.9	16.0	42.9	1.8	5.4	33.4	3.9	5.3	75.0	0.9	4.2	5.1	2.8	0.5	0.2	2.3	15.2
46	Fred VanVleet	TOR	51	36.9	19.4	6.3	16.2	39.0	3.0	8.7	33.9	3.7	4.2	89.3	0.5	3.8	4.4	6.7	1.6	0.6	1.9	20.4
47	Franz Wagner	ORL	62	33.1	18.8	6.8	14.1	48.5	1.7	4.5	36.9	3.5	4.2	83.5	0.9	3.0	4.0	3.4	0.9	0.2	2.1	17.3
48	Domantas Sabonis	SAC	59	34.5	18.8	7.1	11.5	61.4	0.4	1.2	34.8	4.2	5.5	76.7	3.0	9.4	12.4	6.9	0.8	0.5	3.0	30.7
49	Deandre Ayton	PHX	54	30.4	18.7	8.1	13.8	59.2	0.1	0.4	30.4	2.2	3.0	74.2	2.8	7.5	10.2	2.0	0.6	0.8	1.9	24.0
50	Gary Trent Jr.	TOR	54	33.5	18.4	6.4	14.8	43.4	2.7	7.3	36.8	2.9	3.4	84.2	0.4	2.2	2.6	1.6	1.6	0.3	1.0	14.7
51	Myles Turner	IND	53	29.9	18.2	6.5	11.9	54.9	1.7	4.2	40.3	3.5	4.4	78.6	1.5	6.4	8.0	1.3	0.6	2.3	1.6	22.5
52	Mikal Bridges	BKN	63	36.0	17.9	6.5	13.8	47.0	1.9	4.7	39.7	3.0	3.4	90.1	1.0	3.4	4.4	3.5	1.2	0.8	1.4	18.7
53	Nikola Vucevic	CHI	63	33.8	17.7	7.3	14.2	51.3	1.6	4.6	34.9	1.6	2.0	81.3	2.0	9.3	11.3	3.3	0.7	0.8	1.7	24.8
54	D'Angelo Russell	LAL	58	32.4	17.6	6.2	13.3	46.4	2.7	6.8	38.9	2.6	3.1	85.0	0.5	2.6	3.1	6.1	1.1	0.4	2.6	18.0
55	Spencer Dinwiddie	BKN	61	34.0	17.5	5.8	13.0	44.8	2.5	6.4	39.3	3.4	4.0	83.0	0.3	2.8	3.2	5.4	0.8	0.3	1.8	17.5
56	Christian Wood	DAL	51	27.2	17.5	6.4	12.2	52.2	1.7	4.6	36.8	3.1	4.1	76.6	1.3	6.6	8.0	1.7	0.4	1.2	1.9	20.1
57	Buddy Hield	IND	63	32.0	17.3	6.1	13.4	45.3	3.8	8.9	42.6	1.4	1.6	85.3	0.8	4.1	4.9	2.7	1.2	0.3	1.8	17.0
58	Bennedict Mathurin	IND	63	28.2	17.1	5.4	12.7	42.8	1.4	4.3	32.2	4.9	5.9	83.0	1.1	3.0	4.1	1.4	0.6	0.1	1.8	13.3
59	Michael Porter Jr.	DEN	46	29.2	17.0	6.3	13.0	48.2	3.0	7.3	41.0	1.5	1.8	80.0	0.9	4.5	5.4	1.0	0.7	0.5	1.1	16.3
60	Aaron Gordon	DEN	51	30.1	17.0	6.5	11.1	58.5	1.0	2.6	38.2	3.0	4.8	62.2	2.4	4.5	6.8	3.0	0.8	0.8	1.6	20.3
61	Norman Powell	LAC	53	25.9	16.9	5.6	11.7	48.0	2.1	4.9	42.1	3.6	4.5	80.3	0.4	2.6	2.9	1.8	0.8	0.3	1.7	14.1
62	Jaren Jackson Jr.	MEM	44	27.3	16.7	6.0	12.1	49.3	1.5	4.4	34.4	3.3	4.1	79.1	1.7	4.9	6.6	0.8	1.1	3.3	1.5	20.0
63	O.G. Anunoby	TOR	49	35.7	16.4	6.1	13.4	45.4	1.8	5.1	35.9	2.4	2.9	82.3	1.5	4.0	5.4	2.0	2.0	0.8	2.2	16.6
64	Josh Giddey	OKC	57	30.7	16.1	7.0	14.4	48.5	0.9	2.9	30.7	1.2	1.7	74.0	2.0	5.7	7.7	5.9	0.7	0.5	3.0	20.1
65	Russell Westbrook	LAC	55	28.8	15.9	5.9	13.9	42.2	1.2	4.0	30.2	3.0	4.5	66.7	1.1	5.0	6.1	7.6	1.1	0.4	3.6	18.1
66	Evan Mobley	CLE	63	34.2	15.9	6.5	11.9	54.9	0.3	1.3	21.4	2.5	3.7	69.0	2.3	6.6	8.9	2.6	0.8	1.3	2.0	21.0
67	De'Andre Hunter	ATL	52	31.8	15.6	5.6	12.1	46.1	1.6	4.3	36.7	2.8	3.4	83.0	0.6	3.7	4.3	1.4	0.5	0.2	1.2	13.8
68	Scottie Barnes	TOR	60	35.3	15.5	6.0	13.2	45.1	1.0	3.1	30.6	2.6	3.4	76.2	2.4	4.7	7.1	4.8	1.0	0.9	2.0	19.1
69	Jaden Ivey	DET	58	30.1	15.4	5.2	12.3	42.2	1.4	4.2	33.9	3.5	4.9	72.3	1.0	2.9	3.9	4.6	0.9	0.3	2.9	13.7
70	Tobias Harris	PHI	57	33.7	15.3	6.1	12.1	50.0	1.8	4.7	38.2	1.4	1.6	85.9	0.9	4.9	5.8	2.6	1.0	0.5	1.2	17.7
71	P.J. Washington	CHA	60	32.9	15.3	5.8	13.0	44.4	2.0	5.8	35.0	1.7	2.3	74.8	1.0	3.7	4.8	2.4	0.9	1.1	1.4	15.2
72	Harrison Barnes	SAC	61	32.7	15.0	4.6	9.7	47.2	1.7	4.4	37.8	4.2	5.0	83.8	1.0	3.7	4.7	1.7	0.8	0.1	1.1	15.2
73	Alperen Sengun	HOU	57	28.2	14.8	5.8	10.5	55.3	0.2	0.7	31.0	2.9	3.9	73.7	3.2	5.5	8.6	3.9	0.8	0.9	2.5	20.8
74	Brook Lopez	MIL	61	30.3	14.7	5.6	11.0	51.0	1.8	4.9	37.7	1.6	2.1	76.3	2.0	4.6	6.6	1.2	0.5	2.4	1.4	18.1
75	Kevin Huerter	SAC	58	30.2	14.7	5.4	11.3	47.9	2.6	6.7	38.7	1.3	1.8	70.5	0.6	2.8	3.4	3.0	1.1	0.3	1.5	14.6
76	Jarrett Allen	CLE	58	33.3	14.7	6.1	9.4	65.2	0.0	0.2	11.1	2.4	3.3	73.1	3.2	6.7	9.9	1.6	0.8	1.2	1.4	22.6
77	Malcolm Brogdon	BOS	54	25.4	14.6	5.1	10.5	48.8	2.0	4.4	46.0	2.3	2.6	88.7	0.6	3.5	4.1	3.7	0.6	0.3	1.6	16.1
78	Dillon Brooks	MEM	56	30.3	14.5	5.4	13.9	39.1	1.8	5.8	31.8	1.8	2.3	79.4	0.6	2.6	3.3	2.5	0.9	0.2	1.5	10.9
79	Saddiq Bey	ATL	57	28.5	14.4	4.6	11.3	40.7	2.0	5.6	36.2	3.2	3.7	86.3	1.1	3.5	4.7	1.5	0.9	0.2	1.0	13.6
80	Collin Sexton	UTA	47	24.0	14.3	4.9	9.7	50.7	1.0	2.5	41.0	3.4	4.2	82.2	0.8	1.4	2.2	2.9	0.6	0.1	1.8	12.7
81	Jonas Valanciunas	NOP	61	24.9	14.2	5.6	10.4	54.2	0.5	1.5	33.7	2.5	3.0	82.1	2.8	6.9	9.7	1.7	0.3	0.5	1.9	19.1
82	Luguentz Dort	OKC	55	30.1	14.1	4.8	11.9	40.4	1.9	5.4	34.5	2.6	3.5	75.8	1.5	2.8	4.3	2.2	1.0	0.3	1.3	12.7
83	Tim Hardaway Jr.	DAL	57	30.2	14.0	4.6	12.1	38.3	2.9	7.9	36.4	1.8	2.4	76.3	0.3	3.3	3.6	1.7	0.7	0.1	0.8	11.3
84	Bobby Portis	MIL	51	26.2	14.0	5.7	11.6	49.4	1.2	3.5	33.9	1.3	1.6	82.5	2.5	7.3	9.8	1.7	0.5	0.2	1.2	18.8
85	Malik Monk	SAC	58	22.7	13.9	4.9	10.7	45.6	1.8	5.1	34.3	2.4	2.7	90.3	0.5	2.1	2.6	3.8	0.6	0.2	2.0	13.1
86	Jusuf Nurkic	POR	45	27.2	13.8	5.2	9.8	52.4	0.9	2.2	39.0	2.6	3.8	68.6	2.3	7.2	9.4	2.9	0.9	0.9	2.4	19.5
87	Rudy Gobert	MIN	52	30.4	13.4	5.2	7.6	67.8	0.0	0.1	0.0	3.1	4.7	66.3	3.1	8.3	11.5	0.9	0.8	1.3	1.8	22.1
88	Malik Beasley	LAL	62	26.6	13.3	4.8	12.2	39.6	3.1	8.6	35.8	0.6	0.8	78.7	0.4	3.1	3.5	1.7	0.9	0.1	1.1	10.9
89	John Collins	ATL	52	30.9	13.2	5.1	10.1	50.8	0.8	3.2	25.3	2.1	2.5	81.8	1.1	5.8	7.0	1.2	0.7	1.2	1.2	16.5
90	Lonnie Walker IV	LAL	46	25.6	13.0	4.7	10.3	45.1	1.8	4.7	37.6	1.9	2.2	87.0	0.3	1.8	2.1	1.3	0.6	0.3	0.9	10.4
91	Immanuel Quickley	NYK	63	27.7	12.9	4.5	10.2	44.3	1.8	5.0	35.9	2.1	2.5	81.8	0.7	3.4	4.0	3.1	0.8	0.2	1.1	13.8
92	Jalen Williams	OKC	58	29.4	12.8	5.1	10.0	51.1	0.9	2.7	33.3	1.7	2.2	77.2	1.0	3.2	4.2	3.1	1.3	0.5	1.6	14.9
93	Alec Burks	DET	50	22.0	12.8	3.9	9.0	44.0	1.9	4.6	41.6	3.0	3.7	81.4	0.4	2.7	3.0	2.2	0.7	0.1	1.1	12.1
94	Tre Jones	SAS	52	29.3	12.8	4.9	11.3	43.6	0.7	2.5	26.5	2.2	2.5	89.1	0.8	2.8	3.6	6.3	1.3	0.2	1.8	15.7
95	Trey Murphy III	NOP	60	29.1	12.7	4.4	9.2	47.2	2.2	5.6	38.6	1.8	2.0	90.8	0.8	2.8	3.6	1.3	1.0	0.5	0.8	13.3
96	Nic Claxton	BKN	58	29.3	12.5	5.4	7.6	71.0	0.0	0.0	0.0	1.7	3.3	51.6	2.4	6.6	9.0	1.7	0.8	2.5	1.3	21.5
97	Dennis Schroder	LAL	50	30.2	12.4	4.0	9.5	42.3	1.2	3.4	34.5	3.2	3.6	87.4	0.3	2.2	2.5	4.4	0.7	0.1	1.7	12.5
98	Eric Gordon	LAC	52	29.2	12.4	4.2	9.7	43.2	1.7	4.9	35.0	2.3	2.8	82.1	0.3	1.8	2.0	2.9	0.6	0.4	1.6	10.7
99	Jakob Poeltl	TOR	53	26.2	12.4	5.3	8.4	63.2	0.0	0.0	0.0	1.7	2.9	58.3	3.3	5.7	9.0	3.0	0.9	1.2	1.9	20.3
100	Max Strus	MIA	61	29.9	12.3	4.3	10.7	40.0	2.5	7.5	33.5	1.2	1.3	87.7	0.7	2.9	3.6	2.2	0.6	0.2	1.0	11.2
101	Keegan Murray	SAC	59	29.8	12.1	4.3	9.7	44.8	2.5	6.0	41.4	0.9	1.1	80.0	1.1	3.5	4.6	1.2	0.8	0.5	0.8	12.8
102	Rui Hachimura	LAL	45	24.4	12.0	4.8	10.0	48.0	0.9	2.7	32.8	1.6	2.2	72.7	0.9	3.8	4.7	1.0	0.3	0.4	1.0	11.8
103	Clint Capela	ATL	46	26.8	12.0	5.4	8.7	62.7	0.0	0.0	0.0	1.1	1.9	59.1	4.2	7.0	11.3	0.9	0.7	1.3	0.8	21.3
104	Kenyon Martin Jr.	HOU	62	26.7	12.0	4.7	8.4	56.1	0.9	2.7	31.7	1.7	2.5	65.8	1.5	4.1	5.6	1.5	0.5	0.4	1.1	14.3
105	Marcus Morris Sr.	LAC	56	28.6	12.0	4.5	10.4	43.0	1.9	5.1	37.1	1.2	1.5	78.6	0.4	3.7	4.1	1.8	0.7	0.4	0.9	11.8
106	Kelly Olynyk	UTA	51	28.2	12.0	3.9	8.0	49.0	1.4	3.6	40.1	2.7	3.2	82.9	1.3	4.2	5.5	3.2	1.0	0.6	2.2	15.3
107	Bones Hyland	LAC	45	19.3	11.8	4.0	10.1	39.8	2.1	5.6	38.0	1.7	2.0	85.4	0.3	1.8	2.1	2.9	0.7	0.3	1.6	9.9
108	Derrick White	BOS	63	27.7	11.8	4.1	9.0	45.5	1.8	4.6	38.1	1.9	2.2	86.4	0.6	2.7	3.3	3.8	0.7	0.9	1.1	14.3
109	Mason Plumlee	LAC	61	27.8	11.8	4.5	6.7	67.6	0.0	0.0	0.0	2.8	4.5	61.9	3.2	6.3	9.5	3.5	0.6	0.6	1.6	20.7
110	Jabari Smith Jr.	HOU	59	30.0	11.8	4.2	10.8	38.3	1.5	5.2	29.1	1.9	2.5	78.8	1.3	5.7	7.1	1.2	0.5	1.0	1.4	12.8
111	Caris LeVert	CLE	59	30.0	11.6	4.2	10.1	41.1	1.5	4.2	35.5	1.7	2.4	72.0	0.7	3.2	3.9	4.0	0.8	0.2	1.6	12.2
112	Jaden McDaniels	MIN	61	30.6	11.6	4.5	8.7	52.0	1.3	3.3	38.5	1.2	1.7	73.8	1.2	2.7	3.9	2.0	1.0	1.0	1.4	13.4
113	Kentavious Caldwell-Pope	DEN	60	31.4	11.5	4.1	8.5	48.1	1.9	4.3	45.1	1.4	1.6	83.7	0.5	2.4	2.9	2.4	1.4	0.5	1.2	12.7
114	Marcus Smart	BOS	46	32.4	11.4	4.1	9.6	42.2	1.8	5.3	33.3	1.5	2.0	76.7	0.7	2.7	3.4	6.7	1.4	0.4	2.3	15.0
115	Isaiah Stewart	DET	50	28.3	11.3	3.9	8.8	44.2	1.3	4.1	32.7	2.2	3.0	73.8	2.3	5.8	8.1	1.4	0.4	0.7	1.4	14.8
116	Josh Richardson	NOP	48	24.1	11.2	4.1	9.3	44.2	1.7	4.8	35.2	1.3	1.5	86.1	0.6	2.1	2.8	3.1	1.2	0.3	1.5	11.7
117	Cam Thomas	BKN	45	17.4	11.2	3.7	8.2	44.6	0.9	2.3	39.4	3.0	3.5	85.4	0.2	1.6	1.7	1.6	0.4	0.1	1.1	8.9
118	Bruce Brown	DEN	62	28.6	11.1	4.4	9.0	48.7	1.3	3.5	38.3	1.0	1.5	72.2	0.7	3.2	3.9	3.5	1.0	0.6	1.6	13.6
119	Thomas Bryant	DEN	48	20.2	11.0	4.4	6.8	63.7	0.5	1.1	43.1	1.9	2.6	73.2	1.6	4.9	6.5	0.6	0.3	0.6	0.7	15.1
120	Austin Reaves	LAL	45	27.6	10.9	3.5	6.8	51.3	1.3	3.3	38.9	2.7	3.1	87.7	0.6	2.3	2.9	2.4	0.6	0.4	1.4	12.0
121	Jaylen Nowell	MIN	62	19.5	10.9	4.3	9.7	44.6	1.1	3.6	29.3	1.2	1.6	78.4	0.5	2.1	2.6	2.0	0.6	0.1	1.0	9.6
122	Naz Reid	MIN	56	18.1	10.7	4.3	8.0	53.1	1.0	3.1	32.8	1.1	1.7	66.0	1.2	3.7	4.9	1.1	0.6	0.9	1.3	12.5
122	Reggie Jackson	DEN	56	25.3	10.7	4.0	9.8	41.2	1.5	4.3	34.7	1.1	1.3	91.4	0.4	1.8	2.2	3.6	0.8	0.1	1.8	9.7
124	Grayson Allen	MIL	58	27.6	10.5	3.4	7.7	44.2	2.0	5.0	40.5	1.7	1.8	89.7	0.9	2.4	3.4	2.4	0.8	0.2	1.1	11.7
125	Mike Conley	MIN	49	29.8	10.4	3.5	8.7	40.3	1.8	5.0	36.2	1.7	2.1	81.2	0.4	2.1	2.5	7.4	1.1	0.2	1.7	14.5
126	Monte Morris	WAS	51	28.1	10.4	4.0	8.2	48.3	1.4	3.3	40.6	1.1	1.3	80.6	0.4	3.0	3.4	5.3	0.7	0.2	1.0	14.4
127	De'Anthony Melton	PHI	58	28.2	10.3	3.7	8.7	42.3	2.1	5.3	39.8	0.8	1.1	79.0	0.9	3.1	4.1	2.6	1.7	0.6	1.4	12.6
128	Jeremy Sochan	SAS	50	26.0	10.3	4.1	9.3	44.7	0.6	2.2	26.1	1.4	2.1	68.9	1.7	3.3	5.0	2.6	0.7	0.4	1.7	11.5
129	Ivica Zubac	LAC	60	29.4	10.2	4.0	6.5	61.9	0.0	0.0	0.0	2.2	3.1	70.3	3.3	6.8	10.1	1.1	0.4	1.3	1.7	18.0
130	Patrick Williams	CHI	63	28.8	10.1	3.8	8.3	46.2	1.4	3.4	41.3	1.1	1.3	86.6	1.0	3.3	4.3	1.3	0.8	0.8	1.3	11.5
131	Brandon Clarke	MEM	55	19.8	10.1	4.2	6.3	65.8	0.0	0.1	16.7	1.8	2.5	72.6	1.7	4.0	5.6	1.3	0.6	0.7	1.0	14.5
132	Zach Collins	SAS	51	21.5	10.1	3.9	7.6	51.7	0.6	1.8	34.4	1.6	2.2	74.5	1.8	4.2	6.0	2.7	0.5	0.6	1.9	13.8
133	Seth Curry	BKN	44	22.0	10.1	3.8	8.1	46.5	1.8	4.3	41.3	0.8	0.8	97.2	0.3	1.6	1.8	2.0	0.6	0.2	1.0	9.3
134	Quentin Grimes	NYK	53	29.6	10.1	3.6	8.0	45.0	1.9	5.2	36.1	1.1	1.3	80.0	0.8	2.5	3.3	1.9	0.6	0.4	1.0	10.7
135	Caleb Martin	MIA	53	30.0	10.0	3.7	8.2	45.1	1.3	3.6	36.3	1.2	1.6	77.4	1.3	3.7	5.1	1.6	1.0	0.5	1.1	12.1
136	Doug McDermott	SAS	54	20.6	9.9	3.7	8.0	46.1	1.9	4.5	41.4	0.7	0.9	74.5	0.3	1.9	2.2	1.4	0.2	0.1	0.9	8.3
137	Jalen McDaniels	PHI	63	25.4	9.9	3.7	8.2	44.5	1.1	3.3	32.4	1.5	1.8	83.5	0.8	3.8	4.7	1.9	1.1	0.5	1.3	11.9
138	Bol Bol	ORL	58	22.7	9.9	4.1	7.1	57.5	0.5	1.5	31.5	1.2	1.6	74.5	1.1	4.9	6.0	0.8	0.4	1.3	1.7	13.3
138	Josh Hart	NYK	58	32.6	9.9	3.7	7.2	51.8	0.8	2.3	34.8	1.7	2.3	73.1	1.8	6.0	7.8	3.9	1.1	0.2	1.5	17.3
140	Aaron Nesmith	IND	56	24.5	9.8	3.4	8.0	42.1	1.5	4.2	35.2	1.6	1.8	86.4	0.8	2.9	3.7	1.2	0.8	0.4	0.9	10.1
141	Tyus Jones	MEM	61	22.8	9.7	3.7	8.5	43.1	1.5	3.9	37.6	1.0	1.2	80.6	0.4	1.8	2.2	4.5	1.0	0.1	0.9	11.5
142	Al Horford	BOS	49	30.8	9.7	3.6	7.5	48.1	2.2	5.0	44.0	0.3	0.4	73.7	1.2	5.0	6.2	2.7	0.5	0.9	0.6	15.3
143	Gabe Vincent	MIA	49	26.3	9.7	3.4	8.7	39.1	1.7	5.4	31.8	1.2	1.3	87.7	0.4	1.9	2.3	2.5	0.9	0.1	1.4	8.5
144	Chris Boucher	TOR	57	20.6	9.7	3.5	7.1	49.0	0.8	2.6	32.4	1.8	2.5	73.9	2.2	3.6	5.8	0.4	0.7	0.8	0.5	12.6
145	Killian Hayes	DET	59	27.0	9.5	3.8	10.2	37.2	1.2	3.8	30.0	0.8	1.0	81.7	0.3	2.4	2.7	5.9	1.4	0.4	2.0	11.3
146	Naji Marshall	NOP	58	24.7	9.5	3.3	7.8	42.9	0.9	3.1	30.9	1.9	2.4	77.7	0.7	3.0	3.7	2.5	0.8	0.2	1.2	10.6
147	Donte DiVincenzo	GSW	52	25.8	9.5	3.3	7.4	44.4	2.2	5.2	42.4	0.7	0.8	81.8	0.9	3.3	4.2	3.3	1.3	0.1	1.5	12.7
148	Herbert Jones	NOP	47	28.7	9.4	3.3	7.6	44.0	0.7	2.5	28.6	2.0	2.6	74.8	1.4	2.5	3.9	2.1	1.6	0.7	1.3	11.5
149	Malaki Branham	SAS	48	22.4	9.4	3.7	8.3	44.5	1.1	3.7	31.3	0.8	1.0	79.2	0.4	1.8	2.2	2.0	0.5	0.1	1.1	8.3
150	Santi Aldama	MEM	58	21.9	9.3	3.3	7.0	47.7	1.3	3.7	36.3	1.3	1.8	72.9	1.0	3.6	4.6	1.2	0.7	0.7	0.7	11.7
151	Corey Kispert	WAS	53	26.9	9.3	3.2	6.8	47.5	1.8	4.5	41.2	1.0	1.1	86.4	0.4	2.3	2.7	1.2	0.6	0.1	0.7	9.5
152	Onyeka Okongwu	ATL	60	23.9	9.3	3.9	6.1	63.0	0.0	0.1	20.0	1.5	2.1	74.8	2.7	4.7	7.4	1.0	0.7	1.3	1.0	15.9
153	Ayo Dosunmu	CHI	61	27.9	9.2	3.8	7.6	49.8	0.8	2.5	31.6	0.9	1.1	80.6	0.7	2.5	3.1	2.8	0.7	0.3	1.4	10.8
154	Hamidou Diallo	DET	54	17.4	9.2	3.8	6.5	58.0	0.1	0.4	23.8	1.6	2.6	60.6	0.9	2.4	3.3	0.9	0.9	0.3	1.2	9.7
155	Terance Mann	LAC	63	23.4	9.1	3.5	6.7	52.6	1.0	2.4	39.0	1.1	1.4	77.5	0.9	2.7	3.7	2.2	0.5	0.3	1.0	11.3
156	AJ Griffin	ATL	58	20.2	9.1	3.6	7.6	47.3	1.4	3.7	38.6	0.5	0.6	87.5	0.4	1.6	2.1	1.0	0.7	0.1	0.6	8.3
157	Jalen Smith	IND	53	18.2	9.1	3.4	7.3	46.3	0.8	2.9	27.9	1.5	1.9	76.5	1.8	3.9	5.7	0.9	0.3	0.8	1.1	11.3
158	Isaiah Joe	OKC	54	16.8	9.1	2.9	6.1	47.9	2.2	4.9	44.9	0.9	1.1	82.3	0.3	2.0	2.3	1.1	0.6	0.1	0.5	9.3
159	Jose Alvarado	NOP	61	21.5	9.0	3.3	8.0	41.1	1.4	4.0	33.6	1.1	1.3	81.3	0.5	1.9	2.3	3.0	1.1	0.2	1.3	9.3
160	Deni Avdija	WAS	59	26.4	9.0	3.2	7.5	43.4	0.9	3.0	29.2	1.6	2.2	75.2	1.1	5.3	6.3	2.5	0.9	0.5	1.4	13.0
161	Coby White	CHI	55	22.4	8.9	3.2	7.6	42.1	1.7	4.6	35.8	0.9	1.1	84.5	0.2	2.5	2.7	2.1	0.8	0.1	0.8	9.2
162	Royce O'Neale	BKN	59	32.7	8.9	3.1	7.9	39.0	2.2	5.5	39.7	0.6	0.8	72.9	0.6	4.2	4.8	3.8	0.8	0.7	1.5	12.4
163	Tari Eason	HOU	62	19.9	8.9	3.4	7.7	44.6	0.7	2.0	35.0	1.3	1.7	75.7	2.3	3.4	5.7	1.0	1.1	0.6	1.1	11.5
164	Shake Milton	PHI	57	20.7	8.8	3.4	6.8	49.2	0.8	2.0	38.4	1.4	1.6	84.6	0.5	2.1	2.6	2.8	0.3	0.2	1.3	9.7
165	Cedi Osman	CLE	61	20.8	8.7	3.2	7.0	45.3	1.4	4.0	34.8	1.0	1.4	65.9	0.3	1.9	2.2	1.5	0.5	0.1	0.7	8.1
166	Jonathan Kuminga	GSW	50	19.8	8.7	3.4	6.8	49.4	0.7	2.1	32.7	1.2	1.9	65.3	0.9	2.2	3.1	1.8	0.5	0.4	1.5	8.9
167	Kyle Anderson	MIN	51	26.2	8.7	3.2	6.4	50.3	0.6	1.4	41.7	1.6	2.2	76.4	0.8	4.2	4.9	4.1	1.2	0.8	1.4	14.6
168	Dorian Finney-Smith	BKN	48	31.5	8.6	3.1	7.6	40.5	1.8	5.2	33.5	0.7	1.0	73.9	1.6	3.2	4.8	1.5	0.9	0.4	0.9	10.5
169	Damion Lee	PHX	63	21.7	8.6	2.8	6.4	43.8	1.6	3.6	43.8	1.4	1.6	90.9	0.5	2.7	3.2	1.5	0.4	0.1	1.1	9.0
170	Jalen Duren	DET	52	25.1	8.5	3.6	5.6	64.5	0.0	0.0	0.0	1.3	2.2	61.1	3.3	5.4	8.7	1.1	0.6	0.9	1.2	15.8
171	Georges Niang	PHI	58	19.4	8.5	3.0	6.7	44.2	2.1	5.2	40.1	0.5	0.6	87.5	0.3	2.1	2.4	1.1	0.4	0.2	0.7	8.1
172	Daniel Gafford	WAS	59	19.1	8.5	3.4	4.6	74.9	0.0	0.0	0.0	1.6	2.5	64.4	2.0	3.4	5.4	0.9	0.4	1.3	1.0	13.5
173	Grant Williams	BOS	61	27.3	8.4	2.8	6.2	45.7	1.5	3.7	40.4	1.3	1.6	82.7	1.1	3.7	4.8	1.8	0.6	0.4	1.1	11.3
174	Kevin Love	MIA	45	20.3	8.4	2.7	7.0	38.7	1.6	4.8	34.3	1.4	1.5	88.4	1.0	5.9	6.9	1.9	0.2	0.2	1.1	12.0
175	Pat Connaughton	MIL	44	25.0	8.3	2.9	7.5	38.9	2.0	5.8	34.8	0.4	0.7	60.0	0.8	4.2	5.0	1.3	0.7	0.1	0.6	10.0
176	Keita Bates-Diop	SAS	48	20.8	8.3	3.1	6.4	48.9	0.6	1.6	35.4	1.4	1.8	79.1	1.0	2.5	3.5	1.2	0.7	0.3	0.8	9.5
177	Jarred Vanderbilt	LAL	59	24.0	8.2	3.3	5.9	55.7	0.3	1.0	32.8	1.3	1.9	68.4	2.4	5.5	7.9	2.6	1.1	0.3	1.3	15.6
178	Walker Kessler	UTA	60	21.8	8.2	3.6	5.0	70.9	0.0	0.0	100	1.1	2.0	53.3	3.0	5.1	8.0	0.8	0.4	2.2	0.8	16.5
179	Draymond Green	GSW	54	31.5	8.2	3.2	6.2	52.1	0.6	1.8	33.3	1.1	1.6	70.2	0.9	6.6	7.4	6.9	1.0	0.8	2.6	18.2
180	Joe Harris	BKN	55	23.0	8.1	3.0	6.5	45.7	1.9	4.7	41.8	0.3	0.4	62.5	0.3	2.1	2.5	1.5	0.5	0.2	0.6	8.5
181	Terrence Ross	PHX	45	22.4	8.1	3.2	7.3	43.3	1.5	3.9	37.3	0.4	0.5	72.7	0.2	1.9	2.2	1.3	0.6	0.2	0.8	7.3
182	Kenrich Williams	OKC	53	22.8	8.0	3.4	6.5	51.7	0.9	2.5	37.3	0.3	0.7	43.6	1.8	3.1	4.9	2.0	0.8	0.3	0.6	11.8
183	Andrew Nembhard	IND	56	27.0	8.0	3.2	7.6	41.9	1.2	3.6	33.7	0.5	0.6	81.3	0.5	2.2	2.7	4.1	1.0	0.2	1.6	9.8
184	Talen Horton-Tucker	UTA	49	17.3	7.9	2.9	7.2	40.4	0.7	2.7	27.5	1.4	1.8	75.3	0.4	2.2	2.7	3.0	0.6	0.5	1.5	8.5
185	Nick Richards	CHA	49	17.4	7.9	2.9	4.8	60.6	0.0	0.0	0.0	2.0	2.8	73.3	2.4	3.3	5.8	0.4	0.2	1.0	0.8	11.8
186	Shaedon Sharpe	POR	61	20.3	7.9	3.2	6.8	46.9	1.0	2.8	34.1	0.5	0.8	66.7	0.8	1.8	2.5	0.6	0.4	0.3	0.7	7.1
187	Tre Mann	OKC	56	18.1	7.8	3.0	7.8	38.7	1.3	4.1	30.7	0.6	0.8	73.3	0.4	1.9	2.3	1.7	0.6	0.2	0.9	6.7
188	Torrey Craig	PHX	60	25.7	7.7	3.0	6.6	45.5	1.3	3.2	41.1	0.5	0.6	73.0	2.1	3.7	5.8	1.6	0.7	0.6	1.0	11.6
189	Larry Nance Jr.	NOP	50	22.3	7.7	3.2	5.3	61.6	0.3	0.8	34.2	1.0	1.4	67.6	1.8	4.1	5.9	1.9	0.9	0.7	0.7	13.8
190	Jevon Carter	MIL	62	22.6	7.6	2.8	6.6	42.7	1.6	3.8	41.1	0.4	0.5	79.4	0.5	2.2	2.7	2.5	1.0	0.4	1.1	9.2
191	T.J. McConnell	IND	60	19.5	7.6	3.3	6.3	52.4	0.3	0.7	41.9	0.7	0.8	85.4	0.6	2.4	2.9	5.0	1.0	0.1	1.8	11.7
192	Trey Lyles	SAC	55	16.2	7.5	2.5	5.3	47.4	1.1	3.0	36.5	1.3	1.6	79.8	0.9	2.7	3.7	0.9	0.4	0.5	0.8	8.9
193	Edmond Sumner	BKN	46	14.5	7.4	2.5	5.3	45.9	0.6	1.8	34.6	1.9	2.1	92.6	0.2	1.3	1.6	1.4	0.7	0.2	1.0	7.3
194	Terence Davis	SAC	48	13.8	7.2	2.6	5.9	43.8	1.4	3.8	37.2	0.6	0.7	88.6	0.4	2.0	2.4	1.2	0.8	0.3	0.9	7.5
195	Troy Brown Jr.	LAL	57	24.2	7.1	2.7	6.1	43.4	1.3	3.5	36.1	0.5	0.5	96.4	0.9	3.2	4.2	1.1	0.7	0.2	0.7	9.1
196	Kendrick Nunn	WAS	53	14.5	7.1	2.8	6.5	42.2	1.1	3.2	33.3	0.5	0.6	83.9	0.2	1.3	1.6	1.3	0.4	0.1	0.9	5.6
197	Mo Bamba	LAL	45	16.6	7.0	2.5	5.2	49.1	1.1	2.7	39.7	0.9	1.4	65.6	1.2	3.6	4.7	1.0	0.3	0.9	0.6	10.3
198	Anthony Lamb	GSW	47	19.9	7.0	2.5	5.2	49.0	1.3	3.3	38.5	0.7	0.9	72.1	0.9	2.6	3.5	1.8	0.5	0.3	1.0	9.2
198	Kevon Looney	GSW	62	23.5	7.0	3.0	4.4	66.5	0.0	0.0	0.0	1.1	1.8	60.7	3.1	5.9	9.1	2.5	0.5	0.6	0.5	17.0
198	Reggie Bullock	DAL	61	30.4	7.0	2.4	5.9	40.1	1.9	5.0	37.8	0.4	0.6	68.6	0.5	3.0	3.5	1.4	0.8	0.2	0.5	8.7
201	Dwight Powell	DAL	58	19.8	6.9	2.6	3.6	72.2	0.0	0.1	0.0	1.7	2.4	69.1	2.1	2.3	4.3	0.8	0.7	0.4	0.9	10.5
202	Isaiah Jackson	IND	45	15.3	6.8	2.6	4.6	57.3	0.0	0.3	16.7	1.5	2.3	64.8	1.4	2.5	3.9	0.9	0.4	1.5	0.9	9.8
203	Jock Landale	PHX	54	14.2	6.5	2.4	4.9	50.2	0.4	1.4	24.4	1.3	1.7	76.9	1.7	2.4	4.1	0.9	0.3	0.5	0.9	8.6
204	Josh Okogie	PHX	53	16.0	6.5	2.1	5.0	41.7	0.8	2.2	33.9	1.6	2.2	70.9	1.5	1.8	3.3	1.2	0.8	0.4	0.9	7.8
205	Aaron Wiggins	OKC	50	18.8	6.5	2.5	5.0	50.2	0.7	1.8	39.3	0.8	0.9	83.0	1.1	2.1	3.2	1.4	0.5	0.2	0.8	8.3
206	Yuta Watanabe	BKN	44	17.8	6.5	2.3	4.4	52.1	1.2	2.5	48.2	0.7	0.9	74.4	0.6	1.9	2.5	0.9	0.4	0.3	0.4	7.9
207	Mike Muscala	BOS	48	15.0	6.4	2.2	5.0	43.9	1.4	3.5	39.1	0.7	0.9	78.0	0.5	2.6	3.1	0.8	0.3	0.4	0.3	7.8
208	Goran Dragic	CHI	51	15.4	6.4	2.5	5.9	42.5	0.9	2.5	35.2	0.5	0.8	65.9	0.3	1.1	1.4	2.7	0.2	0.1	1.1	6.0
209	Andre Drummond	CHI	50	13.0	6.3	2.7	4.3	61.9	0.0	0.0	0.0	1.0	1.9	53.1	2.2	4.6	6.8	0.6	0.7	0.3	1.2	10.9
210	Isaac Okoro	CLE	65	21.1	6.3	2.2	4.6	49.0	0.8	2.2	34.7	1.1	1.4	75.0	0.7	1.9	2.6	1.1	0.7	0.4	0.6	7.9
211	Patrick Beverley	CHI	49	27.0	6.3	2.1	5.3	40.2	1.2	3.5	33.5	0.9	1.2	72.1	0.6	2.8	3.4	2.8	0.9	0.6	0.9	9.5
212	Devonte' Graham	SAS	60	16.7	6.2	1.9	5.2	36.2	1.4	4.1	34.1	1.1	1.4	75.3	0.3	1.2	1.5	2.5	0.6	0.2	0.6	6.8
213	Obi Toppin	NYK	49	14.7	6.2	2.3	5.6	41.2	1.1	3.3	34.2	0.5	0.7	75.8	0.5	2.6	3.0	0.8	0.3	0.2	0.6	6.5
214	Nicolas Batum	LAC	60	22.0	6.2	2.1	5.0	41.9	1.6	4.1	38.7	0.5	0.7	66.7	0.9	3.3	4.2	1.5	0.7	0.7	0.7	9.4
215	Sam Hauser	BOS	61	15.4	6.2	2.2	4.8	45.5	1.7	4.0	41.6	0.2	0.2	66.7	0.4	2.1	2.5	0.7	0.3	0.3	0.3	7.0
216	David Roddy	MEM	49	17.1	6.1	2.3	5.6	42.1	0.8	2.8	29.2	0.6	1.0	62.5	0.6	1.9	2.6	0.6	0.5	0.2	0.9	5.5
216	Wenyen Gabriel	LAL	49	15.2	6.1	2.6	4.2	61.2	0.2	0.6	30.0	0.8	1.3	61.9	1.7	2.3	4.0	0.4	0.3	0.5	0.7	8.7
218	Drew Eubanks	POR	60	19.7	5.9	2.5	3.6	68.2	0.1	0.1	42.9	1.0	1.5	65.5	1.7	3.4	5.1	1.2	0.5	1.2	0.8	11.4
219	Vlatko Cancar	DEN	48	16.5	5.8	2.1	4.3	49.8	0.9	2.1	41.2	0.6	0.7	93.8	0.5	1.9	2.4	1.5	0.4	0.3	0.7	7.4
220	John Konchar	MEM	53	21.8	5.7	2.1	4.9	43.3	1.0	2.8	36.3	0.4	0.5	85.2	0.8	3.7	4.5	1.4	1.0	0.2	0.5	9.5
221	Trendon Watford	POR	46	16.9	5.7	2.1	3.7	57.0	0.3	0.8	43.2	1.1	1.5	71.4	0.7	2.8	3.4	1.9	0.4	0.1	1.0	8.5
222	Davion Mitchell	SAC	60	18.1	5.7	2.3	5.0	45.2	0.8	2.4	33.1	0.3	0.4	80.0	0.2	1.1	1.3	2.2	0.5	0.2	0.8	6.3
223	Montrezl Harrell	PHI	50	12.5	5.7	2.2	3.7	60.5	0.0	0.0	0.0	1.2	1.7	69.4	1.2	1.6	2.8	0.6	0.3	0.5	0.6	7.3
224	Alex Caruso	CHI	53	24.2	5.5	1.9	4.3	44.1	0.8	2.3	37.5	0.9	1.2	80.3	0.6	2.5	3.1	3.2	1.6	0.6	1.3	10.2
225	Oshae Brissett	IND	49	16.0	5.5	1.7	4.5	38.8	0.8	2.4	33.3	1.2	1.8	69.3	0.9	2.5	3.4	0.5	0.6	0.2	0.4	6.4
226	Austin Rivers	MIN	49	20.4	5.2	1.9	4.2	44.4	0.9	2.5	35.5	0.6	0.8	76.9	0.1	1.6	1.7	1.5	0.6	0.1	0.5	6.1
227	Derrick Jones Jr.	CHI	48	14.7	5.2	1.8	3.6	50.6	0.4	1.1	32.7	1.1	1.4	79.4	1.0	1.5	2.5	0.6	0.5	0.6	0.4	6.9
228	Jalen Johnson	ATL	57	14.3	5.2	2.0	4.2	47.9	0.4	1.4	28.4	0.7	1.1	66.1	0.7	3.1	3.8	0.9	0.5	0.5	0.5	7.8
229	Kevin Knox II	POR	47	13.1	5.1	1.8	3.9	46.2	0.9	2.6	35.8	0.6	0.7	80.0	0.5	1.9	2.4	0.3	0.3	0.3	0.7	5.4
230	Isaiah Hartenstein	NYK	64	19.6	5.1	2.2	4.2	52.1	0.1	0.5	23.5	0.7	0.9	76.4	2.8	3.8	6.6	0.9	0.6	0.8	0.8	11.0
231	Chimezie Metu	SAC	48	11.1	5.0	2.1	3.4	60.6	0.2	0.7	25.0	0.7	0.9	74.4	0.8	2.4	3.2	0.7	0.4	0.3	0.6	7.4
232	Josh Christopher	HOU	44	10.8	4.9	2.0	4.3	45.8	0.3	1.2	25.9	0.6	0.9	71.8	0.3	0.9	1.2	1.0	0.4	0.2	0.9	4.2
233	Rudy Gay	UTA	47	14.5	4.9	1.8	4.9	37.1	0.5	2.1	22.8	0.7	0.9	87.5	0.7	2.3	3.0	0.9	0.3	0.3	0.6	5.6
234	Thaddeus Young	TOR	50	15.5	4.8	2.1	3.8	56.0	0.1	0.7	17.6	0.4	0.5	69.2	1.4	1.8	3.2	1.5	1.1	0.1	0.8	8.0
235	Moses Moody	GSW	48	13.7	4.8	1.6	3.8	43.4	0.8	2.4	33.3	0.7	0.9	72.7	0.4	1.2	1.6	0.9	0.3	0.1	0.6	4.7
236	Haywood Highsmith	MIA	45	19.0	4.6	1.8	4.2	42.6	0.8	2.2	35.6	0.2	0.5	45.8	1.0	2.6	3.6	0.7	0.7	0.3	0.8	6.5
237	Garrison Mathews	ATL	47	12.9	4.6	1.3	3.6	35.7	1.1	3.3	34.6	0.9	1.0	91.1	0.2	1.1	1.3	0.5	0.5	0.1	0.4	4.2
238	Christian Braun	DEN	58	15.0	4.4	1.7	3.5	50.2	0.4	1.1	39.1	0.4	0.7	60.5	0.7	1.7	2.3	0.8	0.4	0.2	0.4	5.6
239	Ish Wainright	PHX	45	15.4	4.3	1.4	3.8	38.5	1.0	2.8	34.1	0.5	0.6	84.0	0.8	1.3	2.1	1.0	0.8	0.3	0.4	5.7
240	Daishen Nix	HOU	45	16.2	4.2	1.5	4.1	35.7	0.8	2.5	31.6	0.5	0.8	67.6	0.3	1.4	1.7	2.6	0.6	0.1	1.5	4.9
241	Aaron Holiday	ATL	51	14.3	4.1	1.5	3.7	41.5	0.6	1.5	41.3	0.5	0.5	85.7	0.4	0.9	1.3	1.3	0.5	0.2	0.6	4.6
242	Luke Kornet	BOS	53	11.6	3.8	1.6	2.3	69.7	0.1	0.2	33.3	0.5	0.6	85.3	1.2	1.6	2.8	0.7	0.2	0.8	0.4	7.1
243	Bismack Biyombo	PHX	46	14.0	3.8	1.7	3.0	57.2	0.0	0.0	0.0	0.3	1.1	31.4	1.1	3.0	4.1	0.9	0.3	1.3	0.9	7.4
244	P.J. Tucker	PHI	59	26.1	3.6	1.3	3.0	43.2	0.7	1.8	41.5	0.3	0.4	86.4	1.3	2.8	4.1	0.8	0.5	0.2	0.6	6.9
245	Jericho Sims	NYK	49	15.8	3.5	1.6	2.1	76.9	0.0	0.0	0.0	0.2	0.3	75.0	1.9	2.8	4.7	0.5	0.3	0.6	0.5	8.5
246	Christian Koloko	TOR	46	14.4	3.4	1.3	2.7	48.4	0.0	0.2	11.1	0.8	1.2	66.0	1.5	1.7	3.2	0.5	0.3	1.0	0.4	6.2
247	Matisse Thybulle	POR	55	14.1	3.4	1.3	2.9	45.2	0.6	1.6	39.3	0.2	0.2	69.2	0.5	1.1	1.6	0.6	1.0	0.4	0.2	5.2
248	Paul Reed	PHI	48	9.9	3.3	1.5	2.5	58.3	0.0	0.1	0.0	0.4	0.5	76.9	1.3	2.0	3.3	0.3	0.6	0.6	0.6	6.5
249	Miles McBride	NYK	50	12.0	3.2	1.1	3.3	33.5	0.6	2.1	28.6	0.4	0.6	68.8	0.2	0.6	0.8	1.1	0.5	0.0	0.4	3.0
250	Usman Garuba	HOU	55	13.5	3.2	1.3	2.4	52.3	0.3	0.6	50.0	0.4	0.7	57.5	1.7	2.8	4.5	0.9	0.7	0.5	0.7	7.7
251	JT Thor	CHA	51	11.6	2.5	0.9	2.6	35.8	0.3	1.3	25.0	0.4	0.6	62.1	0.5	1.3	1.8	0.4	0.3	0.2	0.5	2.9